1 843
2 21.5
3 70.7
4 23.8999996185
1 842
2 21.3999996185
3 70.5199993134
4 23.8999996185
1 842
2 21.2999992371
3 70.3399986267
4 23.8999996185
1 832
2 21.2999992371
3 70.3399986267
4 23.8999996185
1 843
2 21.2999992371
3 70.5199993134
4 23.8999996185
1 842
2 21.2999992371
3 70.5199993134
4 23.8999996185
1 843
2 21.3999996185
3 70.7
4 23.8999996185
1 844
2 21.5
3 72.3199993134
4 23.8999996185
1 842
2 21.5
3 70.5199993134
4 23.8999996185
1 843
2 21.2999992371
3 70.3399986267
4 23.8999996185
1 847
2 21.2000007629
3 70.3399986267
4 23.8999996185
1 842
2 21.2999992371
3 70.3399986267
4 23.8999996185
1 843
2 21.2999992371
3 70.3399986267
4 23.8999996185
1 843
2 21.2999992371
3 70.3399986267
4 23.8999996185
1 842
2 21.3999996185
3 70.5199993134
4 23.8999996185
1 847
2 21.3999996185
3 70.5199993134
4 23.8999996185
1 842
2 21.3999996185
3 70.7
4 23.7999992371
1 842
2 21.3999996185
3 70.7
4 23.8999996185
1 843
2 21.5
3 70.5199993134
4 23.8999996185
1 843
2 21.3999996185
3 70.5199993134
4 23.7999992371
1 841
2 21.2999992371
3 70.7
4 23.8999996185
1 843
2 21.5
3 70.7
4 23.8999996185
1 843
2 21.3999996185
3 69.9800006866
4 23.8999996185
1 842
2 21.5
3 70.7
4 23.7999992371
1 842
2 21.3999996185
3 70.7
4 23.7999992371
1 842
2 21.5
3 70.7
4 23.7999992371
1 842
2 21.3999996185
3 70.5199993134
4 23.7999992371
1 842
2 21.3999996185
3 70.7
4 23.7999992371
1 842
2 21.3999996185
3 70.5199993134
4 23.8999996185
1 842
2 21.3999996185
3 70.7
4 23.7999992371
1 842
2 21.7999992371
3 70.7
4 23.8999996185
1 842
2 21.5
3 70.7
4 23.7999992371
1 842
2 21.5
3 70.7
4 23.7999992371
1 842
2 21.5
3 70.5199993134
4 23.7999992371
1 842
2 21.5
3 70.7
4 23.7999992371
1 842
2 21.3999996185
3 70.3399986267
4 23.7999992371
1 842
2 21.7000007629
3 71.0600013733
4 23.8999996185
1 842
2 21.5
3 70.7
4 23.8999996185
1 842
2 21.5
3 70.7
4 23.8999996185
1 842
2 21.3999996185
3 70.5199993134
4 23.8999996185
1 842
2 21.3999996185
3 70.5199993134
4 23.8999996185
1 842
2 21.3999996185
3 70.5199993134
4 23.8999996185
1 842
2 21.3999996185
3 70.5199993134
4 23.8999996185
1 842
2 21.6000003815
3 70.8800006866
4 23.8999996185
1 842
2 21.3999996185
3 70.8800006866
4 23.8999996185
1 841
2 21.6000003815
3 70.7
4 23.8999996185
1 842
2 21.5
3 70.7
4 23.8999996185
1 843
2 21.5
3 71.0600013733
4 23.8999996185
